image: r300_map.pgm
resolution: 0.05
origin: [-2.346992, -4.220021, 0.000000]
negate: 0
occupied_thresh: 0.65
free_thresh: 0.196
